Date,caloriesOut,name,restingHeartRate,HR max,HR min
2021-05-11,1756.2057799999998,Out of Range,73,123,30
